786,4
786,3
786,2
786,1
786,0
785,8
785,7
785,6
785,5
785,4
785,3
785,2
785,1
785,0
0,433
784,8
784,6
784,5
784,4
784,3
784,2
784,1
784,0
783,7
783,6
783,5
783,4
783,3
783,2
783,1
783,0
782,4
782,3
782,2
782,1
782,0
781,5
781,4
781,3
781,2
781,1
781,0
780,4
780,3
780,2
780,1
780,0
779,6
779,5
779,4
779,3
779,2
779,1
779,0
778,6
778,5
778,4
778,3
778,2
778,1
778,0
777,6
777,5
777,4
777,3
777,2
777,1
777,0
776,6
776,5
776,4
776,3
776,2
776,1
776,0
775,7
775,6
775,5
775,4
775,3
775,2
775,1
775,0
774,4
774,3
774,2
774,1
774,0
773,4
773,3
773,2
773,1
773,0
772,7
772,6
772,5
772,4
772,3
772,2
772,1
772,0
0,397
771,4
771,3
771,2
771,1
771,0
770,4
770,3
770,2
770,1
770,0
769,5
769,4
769,3
769,2
769,1
769,0
768,4
768,3
768,2
768,1
768,0
767,8
767,7
767,6
767,5
767,4
767,3
767,2
767,1
767,0
766,7
766,6
766,5
766,4
766,3
766,2
766,1
766,0
763,7
763,6
763,5
763,4
763,3
763,2
763,1
763,0
762,4
762,3
762,2
762,1
762,0
761,5
761,4
761,3
761,2
761,1
761,0
759,6
759,5
759,4
759,3
759,2
759,1
759,0
756,6
756,5
756,4
756,3
756,2
756,1
756,0
754,6
754,5
754,4
754,3
754,2
754,1
754,0
752,6
752,5
752,4
752,3
752,2
752,1
752,0
750,5
750,4
750,3
750,2
750,1
750,0
747,7
747,6
747,5
747,4
747,3
747,2
747,1
747,0
745,4
745,3
745,2
745,1
745,0
737,4
737,3
737,2
737,1
737,0
736,4
736,3
736,2
736,1
736,0
735,7
735,6
735,5
735,4
735,3
735,2
735,1
735,0
734,4
734,3
734,2
734,1
734,0
733,4
733,3
733,2
733,1
733,0
4,3
4,2
4,1
4,0
3,6
3,5
3,4
3,3
3,2
3,1
3,0
2,8
2,7
2,6
2,3
2,2
2,1
2,0
1,3
1,2
1,1
1,0
0,243
0,9
0,1
0,300
0,299
0,298
0,297
0,296
0,295
0,294
0,293
0,292
0,291
0,290
0,289
0,288
0,287
0,286
0,285
0,284
0,283
0,282
0,281
0,280
0,279
0,278
0,277
0,276
0,275
0,274
0,273
0,272
0,271
0,270
0,269
0,268
0,267
0,266
0,265
0,264
0,263
0,262
0,261
0,260
0,259
0,258
0,257
0,256
0,255
0,254
0,253
0,252
0,251
0,250
0,249
0,248
0,247
0,246
0,245
0,244
0,242
0,241
0,240
0,239
0,238
0,237
0,236
0,235
0,234
0,233
0,232
0,231
0,230
0,229
0,228
0,227
0,226
0,225
0,224
0,223
0,222
0,221
0,220
0,219
0,218
0,217
0,216
0,215
0,214
0,213
0,212
0,211
0,210
0,209
0,208
0,207
0,206
0,205
0,204
0,203
0,202
0,201
0,200
0,199
0,198
0,197
0,196
0,195
0,194
0,193
0,192
0,63
0,62
0,61
0,60
0,59
0,58
0,57
0,56
0,55
0,54
0,53
0,52
0,51
0,50
0,49
0,48
0,47
0,46
0,45
0,6
0,0
0,5
0,304
0,303
0,306
0,305
0,302
0,12
0,10
0,8
0,11
0,2
0,4
0,3
0,7
